   28
Harpo94     0.000000  0.065641  0.507923  1.351364  1.425135  1.595720  1.783260  1.774645  1.583159  1.874024  2.332366  1.673082  1.739975  2.396023  2.040897  2.251628  1.934903  2.351857  2.225055  1.907805  2.453631  2.509218  1.800656  1.758711  1.727408  2.166256  2.015434  2.720595
Monoblepha  0.065641  0.000000  0.444890  1.311376  1.383565  1.531767  1.705544  1.697754  1.511482  1.879311  2.396026  1.670007  1.623710  2.313919  2.134355  2.309794  1.939038  2.360157  2.320604  1.835615  2.512208  2.379848  1.731398  1.686385  1.669069  2.218996  2.062000  2.698299
H.curvatum  0.507923  0.444890  0.000000  1.677335  1.500307  1.531286  1.721753  1.714590  1.614489  1.647956  1.910344  1.658124  1.594781  2.022555  1.679573  1.945913  2.084507  2.379449  2.312917  1.560948  2.265061  1.850478  1.651824  1.587569  1.603748  2.537342  2.146020  2.720373
Rhizophydi  1.351364  1.311376  1.677335  0.000000  0.734123  1.654587  1.717724  1.789179  1.705775  1.318307  1.692818  1.089728  1.314646  2.326838  1.657090  1.411451  1.167343  1.643714  1.276260  2.055158  1.975836  2.171624  1.773054  1.644633  1.529806  2.670958  2.080752  2.480557
S.punctatu  1.425135  1.383565  1.500307  0.734123  0.000000  1.652232  2.190779  2.211877  2.076349  1.455545  1.879508  1.835701  1.996589  2.812224  1.945949  1.783586  1.835214  2.064454  1.770558  2.514963  2.156639  2.005216  2.060350  1.902866  2.180930  3.414187  3.239416  2.692703
A.macrogyn  1.595720  1.531767  1.531286  1.654587  1.652232  0.000000  1.409378  1.384632  1.352832  1.686712  1.519115  1.616241  1.702769  1.688021  1.545045  1.639192  1.661844  1.976511  1.356746  1.357982  1.256199  1.983788  1.340438  1.380122  2.181218  2.063430  2.499334  2.817522
Cand_glabr  1.783260  1.705544  1.721753  1.717724  2.190779  1.409378  0.000000  0.162602  0.277217  0.914401  0.856858  1.155295  0.875216  1.228422  0.779088  0.812814  0.786858  1.218989  0.898779  0.879770  1.028305  1.039250  1.126295  0.966720  1.132797  2.432298  2.377685  1.971521
Saccharomy  1.774645  1.697754  1.714590  1.789179  2.211877  1.384632  0.162602  0.000000  0.190813  0.969719  0.838027  1.158654  0.882272  1.105543  0.780489  0.888553  0.775269  1.204276  0.838444  0.848304  1.006212  1.168718  1.115831  0.939484  1.265059  2.465564  2.391605  2.256907
P.canadens  1.583159  1.511482  1.614489  1.705775  2.076349  1.352832  0.277217  0.190813  0.000000  0.997370  0.824613  0.927534  0.765553  0.967075  0.653200  0.792405  0.725910  1.121857  0.700784  0.852421  1.020693  1.142187  1.099957  0.836132  1.280715  2.216361  2.023483  2.328655
C.albicans  1.874024  1.879311  1.647956  1.318307  1.455545  1.686712  0.914401  0.969719  0.997370  0.000000  1.039799  1.083108  1.044613  1.541015  1.321113  1.408128  1.071326  1.503821  1.253333  1.357276  1.517265  1.320259  1.411760  1.361768  1.596039  2.516723  2.639355  2.646718
Y.lipolyti  2.332366  2.396026  1.910344  1.692818  1.879508  1.519115  0.856858  0.838027  0.824613  1.039799  0.000000  0.987258  0.941635  1.088689  0.742738  0.841713  0.983847  1.321283  0.842857  0.924019  0.836694  0.824260  0.935008  1.043828  1.154365  2.462796  2.095877  2.943470
Schizo_oct  1.673082  1.670007  1.658124  1.089728  1.835701  1.616241  1.155295  1.158654  0.927534  1.083108  0.987258  0.000000  0.321789  1.131854  1.038608  1.067026  0.994255  1.202698  0.902989  1.049082  1.120408  1.177459  0.935108  1.028720  1.266359  2.460234  2.155020  2.250380
Schizo_pom  1.739975  1.623710  1.594781  1.314646  1.996589  1.702769  0.875216  0.882272  0.765553  1.044613  0.941635  0.321789  0.000000  0.937780  0.875159  0.896921  0.901611  1.035782  0.717658  0.959177  1.222926  1.016296  0.836363  0.907721  1.214787  2.337466  2.183969  2.082461
Schizo_jap  2.396023  2.313919  2.022555  2.326838  2.812224  1.688021  1.228422  1.105543  0.967075  1.541015  1.088689  1.131854  0.937780  0.000000  1.019195  1.320500  1.136240  1.745484  1.220893  1.397569  1.210849  1.541091  1.118316  1.267151  1.623591  2.794914  2.652760  2.530780
A.nidulans  2.040897  2.134355  1.679573  1.657090  1.945949  1.545045  0.779088  0.780489  0.653200  1.321113  0.742738  1.038608  0.875159  1.019195  0.000000  0.277886  0.699290  0.952329  0.592519  0.769964  0.860834  0.903896  1.060191  0.834175  1.150049  2.222290  2.107039  2.140398
Penicilliu  2.251628  2.309794  1.945913  1.411451  1.783586  1.639192  0.812814  0.888553  0.792405  1.408128  0.841713  1.067026  0.896921  1.320500  0.277886  0.000000  0.665210  0.832369  0.500028  0.746868  0.701817  0.873139  1.029995  0.832836  1.146504  2.213168  2.188523  2.218428
H.jecorina  1.934903  1.939038  2.084507  1.167343  1.835214  1.661844  0.786858  0.775269  0.725910  1.071326  0.983847  0.994255  0.901611  1.136240  0.699290  0.665210  0.000000  0.419664  0.437709  0.886217  0.947049  1.054199  0.888445  0.942798  1.423416  2.082487  1.956844  2.296859
Torrubiell  2.351857  2.360157  2.379449  1.643714  2.064454  1.976511  1.218989  1.204276  1.121857  1.503821  1.321283  1.202698  1.035782  1.745484  0.952329  0.832369  0.419664  0.000000  0.581291  1.480790  1.357470  1.257263  1.175915  1.238222  1.632034  2.770411  2.673776  2.494602
P.anserina  2.225055  2.320604  2.312917  1.276260  1.770558  1.356746  0.898779  0.838444  0.700784  1.253333  0.842857  0.902989  0.717658  1.220893  0.592519  0.500028  0.437709  0.581291  0.000000  0.897989  0.716909  0.780287  0.809056  0.881187  1.350577  2.248411  2.287868  2.364571
C.cibarius  1.907805  1.835615  1.560948  2.055158  2.514963  1.357982  0.879770  0.848304  0.852421  1.357276  0.924019  1.049082  0.959177  1.397569  0.769964  0.746868  0.886217  1.480790  0.897989  0.000000  0.579373  0.974080  0.867479  0.679042  1.106281  2.316771  2.246801  2.282435
S.commune   2.453631  2.512208  2.265061  1.975836  2.156639  1.256199  1.028305  1.006212  1.020693  1.517265  0.836694  1.120408  1.222926  1.210849  0.860834  0.701817  0.947049  1.357470  0.716909  0.579373  0.000000  0.997648  1.036744  1.039964  1.444543  2.003311  2.204444  2.503554
Crypthococ  2.509218  2.379848  1.850478  2.171624  2.005216  1.983788  1.039250  1.168718  1.142187  1.320259  0.824260  1.177459  1.016296  1.541091  0.903896  0.873139  1.054199  1.257263  0.780287  0.974080  0.997648  0.000000  0.941551  1.256054  1.346919  2.150436  2.211258  2.334713
M.verticil  1.800656  1.731398  1.651824  1.773054  2.060350  1.340438  1.126295  1.115831  1.099957  1.411760  0.935008  0.935108  0.836363  1.118316  1.060191  1.029995  0.888445  1.175915  0.809056  0.867479  1.036744  0.941551  0.000000  0.684720  1.456842  2.289852  2.518923  2.649887
R.stolonif  1.758711  1.686385  1.587569  1.644633  1.902866  1.380122  0.966720  0.939484  0.836132  1.361768  1.043828  1.028720  0.907721  1.267151  0.834175  0.832836  0.942798  1.238222  0.881187  0.679042  1.039964  1.256054  0.684720  0.000000  1.110167  2.202398  2.281186  2.260697
S.culiseta  1.727408  1.669069  1.603748  1.529806  2.180930  2.181218  1.132797  1.265059  1.280715  1.596039  1.154365  1.266359  1.214787  1.623591  1.150049  1.146504  1.423416  1.632034  1.350577  1.106281  1.444543  1.346919  1.456842  1.110167  0.000000  2.634290  3.006655  2.117899
M.senile    2.166256  2.218996  2.537342  2.670958  3.414187  2.063430  2.432298  2.465564  2.216361  2.516723  2.462796  2.460234  2.337466  2.794914  2.222290  2.213168  2.082487  2.770411  2.248411  2.316771  2.003311  2.150436  2.289852  2.202398  2.634290  0.000000  2.054460  2.159074
M.brevicol  2.015434  2.062000  2.146020  2.080752  3.239416  2.499334  2.377685  2.391605  2.023483  2.639355  2.095877  2.155020  2.183969  2.652760  2.107039  2.188523  1.956844  2.673776  2.287868  2.246801  2.204444  2.211258  2.518923  2.281186  3.006655  2.054460  0.000000  2.928854
H.sapiens   2.720595  2.698299  2.720373  2.480557  2.692703  2.817522  1.971521  2.256907  2.328655  2.646718  2.943470  2.250380  2.082461  2.530780  2.140398  2.218428  2.296859  2.494602  2.364571  2.282435  2.503554  2.334713  2.649887  2.260697  2.117899  2.159074  2.928854  0.000000
